44.74 67.22
49.74 29.18
42.58 41.95
14.69 65.69
72.7 33.58
21.09 20.44
57.84 34.78
70.87 66.28
0.75 40.58
50.24 7.84
6.16 62.91
0.99 43.35
90.27 21.55
93.25 32.9
26.33 10.51
14.8 15.87
65.18 14.4
9.58 85.06
38.81 28.8
43.29 43.36
1.94 20.35
47.36 39.72
91.34 47.69
94.62 5.58
86.49 52.96
89.42 90.62
35.8 24.66
13.04 26.67
72.78 27.69
51.19 33.03
83.46 93.89
44.62 12.74
2.8 67.43
46.2 79.38
10.92 3.32
37.97 97.28
72.76 24.41
60.56 14.0
14.01 52.71
33.77 13.19
55.26 43.86
2.07 18.69
31.89 70.52
21.44 35.93
12.21 19.79
15.35 25.64
88.71 92.49
66.52 66.64
58.15 18.37
78.62 79.34
24.88 29.82
37.28 49.63
58.95 69.18
23.5 14.3
15.54 39.86
84.09 43.06
75.49 49.76
43.57 79.95
98.15 37.19
49.99 87.35
87.06 13.94
82.87 69.6
56.72 7.97
16.09 40.04
54.44 39.19
20.3 34.96
34.86 15.46
10.27 71.62
7.22 93.54
90.94 92.89
74.83 9.58
32.57 41.19
65.22 47.29
10.28 56.09
5.04 78.47
76.06 96.22
28.82 80.06
92.48 44.22
23.06 4.82
46.41 65.58
97.77 58.44
78.45 57.29
46.61 15.0
8.88 39.85
3.6 84.79
15.08 17.81
29.62 33.78
16.16 58.17
64.95 42.35
51.35 13.31
65.68 82.52
95.58 45.78
0.99 87.29
42.54 96.11
26.28 83.86
99.23 71.24
62.44 62.92
78.35 21.64
5.84 60.6
45.48 17.64