79.05 84.06
43.38 1.08
72.27 13.27
47.61 43.97
52.91 90.74
19.67 78.02
43.34 22.94
76.87 87.89
47.84 78.78
31.77 0.77
67.03 9.12
91.04 68.17
71.81 28.1
69.09 38.43
84.98 76.93
10.47 90.01
83.12 18.39
87.52 43.55
36.42 3.94
2.36 34.75
50.12 14.29
76.48 9.25
57.51 98.98
54.84 95.9
41.46 31.08
86.69 25.29
29.37 48.65
70.62 86.96
14.36 76.67
67.43 60.08
4.8 9.92
91.33 10.66
93.6 90.5
87.09 20.66
68.89 31.81
89.02 3.9
58.71 25.13
35.96 67.48
13.44 14.52
86.12 97.87
82.0 41.17
34.94 86.07
30.46 39.13
90.17 57.95
84.93 11.27
99.07 42.4
54.62 26.05
54.61 92.62
5.47 53.93
29.75 74.03
9.91 5.53
2.08 45.99
94.07 42.69
34.41 93.9
40.46 8.34
71.46 13.39
80.63 61.55
97.44 8.78
30.69 9.8
74.9 44.4
80.27 2.3
51.3 79.25
44.8 85.5
76.46 22.8
30.38 24.34
21.58 73.27
40.71 61.77
28.27 37.98
76.43 22.82
44.81 90.26
38.49 69.17
25.99 87.1
49.36 75.85
82.93 57.5
48.49 32.19
69.46 72.63
1.85 66.22
83.14 26.07
89.03 53.37
40.26 84.55
96.29 98.71
57.1 18.07
48.9 75.04
32.18 81.86
61.85 58.34
78.15 2.15
74.73 26.88
96.18 12.63
63.31 80.49
20.48 99.26
88.21 92.51
86.05 37.21
49.29 28.54
89.11 45.7
63.35 53.28
16.03 44.03
72.26 99.64
14.32 65.22
18.76 92.55
66.89 72.35
