39.02 49.26
31.45 62.96
16.98 19.35
0.61 42.16
88.8 21.39
97.95 41.29
28.89 51.3
84.24 79.42
88.91 8.38
36.45 17.09
13.19 81.38
11.74 15.84
1.94 73.97
72.4 45.21
33.36 51.3
2.76 41.07
2.61 71.69
22.67 90.21
60.91 52.88
3.78 40.66
40.99 10.29
24.56 14.26
36.66 96.55
58.12 28.99
63.68 66.09
72.68 22.12
66.69 86.29
38.84 1.75
52.67 17.55
80.05 44.88
25.32 88.89
73.13 2.51
66.63 2.37
4.12 69.04
62.15 10.37
11.55 22.24
94.42 22.71
3.86 42.56
35.73 17.48
20.73 76.15
55.56 48.71
18.98 14.67
20.82 67.14
3.06 26.74
7.52 95.83
87.19 90.82
61.76 31.78
71.84 47.43
44.37 76.41
40.61 9.71
69.07 33.43
35.39 45.81
96.92 50.71
47.27 73.79
81.56 24.37
68.74 90.59
68.67 27.96
88.75 89.98
41.27 77.37
76.23 11.52
67.73 92.79
90.03 2.3
53.47 73.4
73.77 66.35
19.26 57.29
42.39 22.93
28.99 99.49
44.05 93.94
68.24 64.34
85.65 93.45
31.12 94.97
43.4 97.72
7.36 92.32
40.5 32.81
74.41 8.67
63.67 28.67
89.74 36.87
7.06 53.75
47.59 55.16
77.76 61.8
11.36 69.8
70.72 54.25
57.84 82.84
22.22 85.46
72.81 0.84
81.21 15.71
18.79 91.83
95.5 47.55
55.29 92.37
95.88 64.42
29.39 64.45
75.4 27.7
70.42 2.65
3.37 78.02
15.96 96.27
84.06 29.68
68.89 57.93
68.44 43.62
34.77 40.66
54.26 13.08