28.78 5.52
11.55 51.35
67.48 63.19
5.71 80.24
93.37 78.17
91.55 88.79
21.09 8.49
72.3 25.24
17.14 77.12
49.88 31.59
99.69 59.41
81.2 70.38
83.45 98.3
26.17 24.47
20.17 31.98
65.68 96.65
73.15 66.57
32.25 23.0
29.46 77.08
88.13 53.54
97.88 74.04
6.09 47.15
62.15 30.25
56.69 73.57
59.48 22.47
82.58 14.83
32.28 6.14
44.82 10.82
57.75 7.62
59.67 99.41
93.91 88.44
4.79 59.86
93.85 8.39
63.28 80.6
30.31 90.35
91.21 36.94
41.52 68.8
39.59 82.56
56.62 86.07
35.45 29.91
83.48 85.45
28.17 18.57
45.56 38.89
37.13 48.66
35.25 38.59
94.55 86.34
11.11 75.93
63.58 32.61
3.59 29.61
25.61 83.11