1.85 17.66
2.67 66.39
65.09 2.92
47.99 87.56
54.14 31.52
68.32 33.75
86.14 89.76
43.76 63.45
32.63 66.49
95.97 70.13
79.95 47.75
68.98 32.2
98.31 65.73
77.96 18.38
10.7 77.43
65.8 39.92
13.29 25.58
6.73 19.9
62.4 38.75
48.46 5.64
9.4 60.79
90.13 85.26
34.82 60.57
51.87 81.55
5.41 62.32
3.65 87.29
53.96 53.92
86.11 75.02
60.73 76.25
73.86 61.15
97.18 69.9
3.48 29.35
78.43 57.31
11.97 21.5
58.64 68.45
9.73 85.8
95.63 75.51
41.89 31.1
5.24 88.79
76.15 73.98
23.89 79.45
91.75 81.09
98.6 37.69
34.13 2.95
27.79 44.79
43.17 67.26
83.33 36.5
58.81 50.27
54.36 61.38
57.25 72.42
67.15 93.03
73.53 71.32
51.35 37.58
21.56 89.39
43.03 89.21
31.66 75.97
37.23 25.34
87.25 44.63
29.01 0.66
57.47 45.2