29.09 17.33
47.0 13.47
92.75 45.55
55.85 39.41
25.55 73.61
68.35 57.09
17.95 25.89
91.28 90.17
75.81 78.63
6.43 15.38
10.16 27.41
5.62 92.71
98.64 80.84
81.4 11.78
70.54 23.23
77.6 23.21
97.54 48.34
98.51 10.13
56.3 4.11
73.22 68.7
65.72 3.75
72.5 9.31
91.67 52.52
79.77 60.01
54.92 11.67
24.54 52.82
74.44 70.78
97.19 99.61
27.34 28.23
77.34 19.57
9.3 85.8
24.34 62.93
34.74 47.73
98.44 86.59
24.97 77.5
3.34 76.63
93.92 5.9
67.49 79.92
56.57 3.2
9.72 2.32
52.66 24.8
67.55 54.65
99.93 15.33
1.34 79.3
65.26 8.87
26.06 69.94
69.43 94.68
63.92 4.82
21.95 27.16
55.67 50.32
16.11 46.39
16.13 55.28
1.04 41.23
70.54 49.09
87.62 31.03
62.08 77.09
38.28 63.69
78.29 54.87
36.61 28.07
4.12 0.47
32.32 57.1
73.05 7.36
9.34 53.86
53.81 54.9
30.51 7.94
80.18 13.29
70.97 81.49
4.07 89.6
64.16 35.43
27.71 78.61