97.77 66.94
64.12 55.2
70.49 70.41
53.37 58.36
48.75 6.79
88.66 72.07
30.82 84.08
34.15 62.58
21.34 28.5
10.91 69.77
35.2 79.5
75.42 43.47
48.03 23.93
33.46 88.81
85.88 32.76
43.52 54.0
38.89 4.41
7.27 47.72
4.26 11.16
67.08 30.82
12.26 91.89
30.18 86.98
65.74 33.24
17.86 40.35
28.38 33.99
93.73 54.99
29.85 52.98
60.4 20.19
16.98 99.51
25.59 98.75
69.32 37.09
30.3 91.15
14.8 36.18
99.85 47.36
26.35 29.81
25.89 40.43
54.15 97.14
12.55 1.1
49.84 24.09
23.03 1.08
68.41 67.98
44.44 64.07
92.03 83.46
47.85 78.47
5.56 50.69
58.6 83.16
67.93 83.69
67.15 98.84
65.79 86.53
4.9 81.36
6.26 68.36
81.29 80.54
4.09 24.13
28.63 98.28
45.27 37.49
29.22 53.25
63.92 64.63
5.75 75.67
52.02 13.35
40.56 75.62
32.97 40.52
51.68 50.95
68.59 52.69
94.41 26.64
37.01 9.73
76.27 46.63
13.82 99.36
69.62 71.25
12.83 71.62
81.92 68.4
94.0 96.63
96.37 25.46
26.33 36.58
27.28 49.88
1.05 3.2
43.84 71.49
26.7 5.87
3.75 6.98
1.77 82.24
3.6 98.2