81.18 95.7
95.31 89.75
70.03 6.13
93.66 60.84
93.13 60.75
79.19 88.86
62.75 51.46
37.28 29.2
49.02 82.96
30.01 49.86
34.45 25.68
19.96 71.63
41.12 34.01
50.48 8.03
23.03 68.43
65.55 89.34
35.62 70.99
61.14 17.42
17.41 82.73
21.48 39.04
44.24 59.01
9.08 43.77
46.0 34.17
44.8 90.16
7.62 10.28
36.11 38.31
11.33 96.58
85.4 20.74
15.76 5.96
38.04 14.49
8.82 22.68
10.43 86.87
15.86 91.58
71.57 75.09
92.62 43.28
39.19 25.47
83.06 62.06
90.64 61.89
76.34 23.49
82.53 75.16
54.4 77.55
18.71 25.06
81.58 29.51
5.92 24.88
51.45 75.77
88.67 34.83
72.2 84.48
60.42 25.2
41.86 72.23
7.1 82.35
37.1 16.89
50.52 21.97
15.43 64.04
24.32 42.27
9.6 30.12
33.18 97.12
74.94 78.49
17.12 94.2
36.07 46.63
67.09 26.29
67.12 32.41
15.57 25.32
31.9 5.14
56.25 88.25
4.3 93.25
30.77 61.41
87.62 14.65
57.23 85.64
51.95 57.98
65.03 98.55
12.98 93.49
43.95 61.96
82.63 90.74
11.13 32.86
32.11 47.05
49.39 24.51
21.66 85.32
72.41 10.32
67.32 62.8
28.15 8.08
35.0 43.5
60.22 44.24
74.83 25.91
9.21 39.1
34.56 85.19
50.4 72.32
19.89 84.18
32.83 85.09
1.55 31.41
5.46 50.86